%YAML:1.0

#--------------------------------------------------------------------------------------------
# Camera Parameters. Adjust them!
#--------------------------------------------------------------------------------------------
File.version: "1.0"

Camera.type: "PinHole"

# Camera calibration and distortion parameters (OpenCV) 
Camera1.fx: 911.9943338907278
Camera1.fy: 911.7487124734636
Camera1.cx: 487.8784416217032
Camera1.cy: 385.56640128584826

# Equidistant distortion 0.0034823894022493434, 0.0007150348452162257, -0.0020532361418706202, 0.00020293673591811182
#Camera.bFishEye: 1
Camera1.k1: 0.3634898547352428
Camera1.k2: -0.8304662697444777
Camera1.p1: 7.057198282746076
Camera1.p2: -13.299879832836568
    
# Camera resolution
Camera.width: 960
Camera.height: 720

# Camera frames per second 
Camera.fps: 30

# Color order of the images (0: BGR, 1: RGB. It is ignored if images are grayscale)
Camera.RGB: 1

# Transformation from body-frame (imu) to camera
IMU.T_b_c1: !!opencv-matrix
   rows: 4
   cols: 4
   dt: f
   data: [-0.5300334646661161, -0.7750188489443127, 0.34410799193721475, -0.0009415745617184825,
          -0.8184794754621517, 0.36147971340903784, -0.4465688805110783, -0.0005477378670422827,
           0.22171124144082277, -0.5183417796924623, -0.82593336586193, 0.0002997811599265689,
           0.0, 0.0, 0.0, 1.0]
# IMU noise (Use those from VINS-mono)
IMU.NoiseGyro: 2.4719665936492495e-05 # rad/s^0.5 
IMU.NoiseAcc: 0.0024163856252688415 # m/s^1.5
IMU.GyroWalk: 0.00026825073706054757 # rad/s^1.5
IMU.AccWalk: 0.03191686818396078 # m/s^2.5
IMU.Frequency: 100.0


#--------------------------------------------------------------------------------------------
# ORB Parameters
#--------------------------------------------------------------------------------------------

# ORB Extractor: Number of features per image
ORBextractor.nFeatures: 1500 # Tested with 1250

# ORB Extractor: Scale factor between levels in the scale pyramid 	
ORBextractor.scaleFactor: 1.2

# ORB Extractor: Number of levels in the scale pyramid	
ORBextractor.nLevels: 8

# ORB Extractor: Fast threshold
# Image is divided in a grid. At each cell FAST are extracted imposing a minimum response.
# Firstly we impose iniThFAST. If no corners are detected we impose a lower value minThFAST
# You can lower these values if your images have low contrast
ORBextractor.iniThFAST: 20
ORBextractor.minThFAST: 7

#--------------------------------------------------------------------------------------------
# Viewer Parameters
#--------------------------------------------------------------------------------------------
Viewer.KeyFrameSize: 0.05
Viewer.KeyFrameLineWidth: 1.0
Viewer.GraphLineWidth: 0.9
Viewer.PointSize: 2.0
Viewer.CameraSize: 0.08
Viewer.CameraLineWidth: 3.0
Viewer.ViewpointX: 0.0
Viewer.ViewpointY: -0.7
Viewer.ViewpointZ: -3.5
Viewer.ViewpointF: 500.0
